image: micronMap_17dec19.pgm
resolution: 0.050000
origin: [-100.000000, -202.400000, 0.000000]
negate: 0
occupied_thresh: 0.65
free_thresh: 0.196

